        Frequency / GHz                S2,1/abs,dB
----------------------------------------------------------------------
                       1                     -0.14850403
                   1.009                     -0.15393237
                   1.018                     -0.15958992
                   1.027                     -0.16548811
                   1.036                     -0.17163898
                   1.045                     -0.17805516
                   1.054                     -0.18474994
                   1.063                     -0.19173727
                   1.072                     -0.19903176
                   1.081                     -0.20664876
                    1.09                     -0.21460431
                   1.099                     -0.22291521
                   1.108                     -0.23159901
                   1.117                     -0.24067404
                   1.126                     -0.25015936
                   1.135                     -0.26007484
                   1.144                     -0.27044108
                   1.153                     -0.28127943
                   1.162                     -0.29261198
                   1.171                     -0.30446147
                    1.18                     -0.31685129
                   1.189                     -0.32980537
                   1.198                     -0.34334815
                   1.207                     -0.35750441
                   1.216                     -0.37229922
                   1.225                      -0.3877577
                   1.234                     -0.40390491
                   1.243                     -0.42076561
                   1.252                     -0.43836399
                   1.261                     -0.45672343
                    1.27                     -0.47586615
                   1.279                     -0.49581281
                   1.288                     -0.51658215
                   1.297                      -0.5381905
                   1.306                     -0.56065127
                   1.315                      -0.5839744
                   1.324                     -0.60816577
                   1.333                     -0.63322653
                   1.342                     -0.65915249
                   1.351                     -0.68593337
                    1.36                     -0.71355211
                   1.369                     -0.74198419
                   1.378                     -0.77119692
                   1.387                     -0.80114881
                   1.396                     -0.83178904
                   1.405                     -0.86305692
                   1.414                     -0.89488159
                   1.423                     -0.92718182
                   1.432                     -0.95986601
                   1.441                     -0.99283239
                    1.45                      -1.0259695
                   1.459                      -1.0591569
                   1.468                      -1.0922662
                   1.477                      -1.1251622
                   1.486                      -1.1577048
                   1.495                      -1.1897502
                   1.504                      -1.2211536
                   1.513                       -1.251771
                   1.522                      -1.2814614
                   1.531                      -1.3100897
                    1.54                      -1.3375283
                   1.549                      -1.3636599
                   1.558                      -1.3883793
                   1.567                      -1.4115951
                   1.576                      -1.4332316
                   1.585                      -1.4532291
                   1.594                      -1.4715454
                   1.603                      -1.4881556
                   1.612                      -1.5030523
                   1.621                      -1.5162447
                    1.63                      -1.5277582
                   1.639                       -1.537633
                   1.648                      -1.5459226
                   1.657                      -1.5526925
                   1.666                      -1.5580181
                   1.675                      -1.5619836
                   1.684                      -1.5646794
                   1.693                       -1.566201
                   1.702                      -1.5666473
                   1.711                      -1.5661186
                    1.72                      -1.5647162
                   1.729                        -1.56254
                   1.738                      -1.5596886
                   1.747                      -1.5562576
                   1.756                      -1.5523394
                   1.765                      -1.5480225
                   1.774                       -1.543391
                   1.783                      -1.5385246
                   1.792                       -1.533498
                   1.801                      -1.5283813
                    1.81                      -1.5232398
                   1.819                      -1.5181339
                   1.828                      -1.5131198
                   1.837                       -1.508249
                   1.846                      -1.5035691
                   1.855                      -1.4991237
                   1.864                      -1.4949528
                   1.873                      -1.4910929
                   1.882                      -1.4875776
                   1.891                      -1.4844375
                     1.9                      -1.4817006
                   1.909                      -1.4793927
                   1.918                      -1.4775375
                   1.927                      -1.4761567
                   1.936                      -1.4752706
                   1.945                      -1.4748978
                   1.954                       -1.475056
                   1.963                      -1.4757616
                   1.972                      -1.4770302
                   1.981                      -1.4788767
                    1.99                      -1.4813146
                   1.999                       -1.484355
                       2                      -1.4847544
                   2.008                      -1.4880323
                2.008016                      -1.4880394
               2.0160321                      -1.4918368
                   2.017                      -1.4923299
               2.0240481                      -1.4961459
                   2.026                      -1.4972728
               2.0320641                      -1.5009521
                   2.035                      -1.5028905
               2.0400802                      -1.5063574
                   2.044                      -1.5091675
               2.0480962                      -1.5122365
                   2.053                      -1.5161117
               2.0561122                      -1.5186871
                   2.062                      -1.5237811
               2.0641283                      -1.5256971
                   2.071                      -1.5321581
               2.0721443                       -1.533275
                    2.08                      -1.5412544
               2.0801603                      -1.5414217
               2.0881764                      -1.5501888
                   2.089                       -1.551122
               2.0961924                      -1.5595488
                   2.098                      -1.5617354
               2.1042084                       -1.569499
                   2.107                      -1.5731276
               2.1122244                      -1.5800767
                   2.116                      -1.5852834
               2.1202405                      -1.5913004
                   2.125                      -1.5982684
               2.1282565                      -1.6031668
                   2.134                      -1.6120512
               2.1362725                      -1.6156687
                   2.143                      -1.6268223
               2.1442886                      -1.6289891
                   2.152                      -1.6423385
               2.1523046                      -1.6428792
               2.1603206                      -1.6574772
                   2.161                      -1.6587474
               2.1683367                      -1.6728277
                    2.17                      -1.6761176
               2.1763527                      -1.6889688
                   2.179                       -1.694453
               2.1843687                      -1.7058216
                   2.188                      -1.7137045
               2.1923848                      -1.7234351
                   2.197                      -1.7339105
               2.2004008                      -1.7418674
                   2.206                       -1.755194
               2.2084168                      -1.7610728
                   2.215                      -1.7774251
               2.2164329                      -1.7810528
                   2.224                      -1.8007614
               2.2244489                      -1.8019559
               2.2324649                      -1.8238692
                   2.233                      -1.8253547
                2.240481                      -1.8464508
                   2.242                      -1.8508516
                2.248497                       -1.870046
                   2.251                      -1.8776029
                2.256513                      -1.8945711
                    2.26                      -1.9055236
               2.2645291                      -1.9200744
                   2.269                      -1.9347177
               2.2725451                      -1.9465523
                   2.278                      -1.9651511
               2.2805611                      -1.9740336
                   2.287                      -1.9968841
               2.2885772                      -2.0025906
                   2.296                      -2.0299257
               2.2965932                      -2.0321554
               2.3046092                      -2.0628646
                   2.305                        -2.06439
               2.3126253                      -2.0946962
                   2.314                      -2.1002725
               2.3206413                      -2.1276492
                   2.323                      -2.1375863
               2.3286573                      -2.1618395
                   2.332                      -2.1764763
               2.3366733                      -2.1970855
                   2.341                      -2.2167498
               2.3446894                      -2.2337715
                    2.35                      -2.2587293
               2.3527054                      -2.2716609
                   2.359                      -2.3023353
               2.3607214                      -2.3108659
                   2.368                      -2.3476177
               2.3687375                      -2.3514034
               2.3767535                      -2.3933045
                   2.377                      -2.3946168
               2.3847695                      -2.4366511
                   2.386                      -2.4434291
               2.3927856                      -2.4813167
                   2.395                       -2.493965
               2.4008016                      -2.5275707
                   2.404                      -2.5464277
               2.4088176                      -2.5752892
                   2.413                      -2.6007937
               2.4168337                      -2.6245415
                   2.422                      -2.6571105
               2.4248497                      -2.6753631
                   2.431                      -2.7154315
               2.4328657                      -2.7277553
                    2.44                      -2.7757321
               2.4408818                       -2.781754
               2.4488978                      -2.8374591
                   2.449                      -2.8381811
               2.4569138                      -2.8948039
                   2.458                      -2.9027008
               2.4649299                      -2.9538227
                   2.467                      -2.9693689
               2.4729459                      -3.0146095
                   2.476                      -3.0382241
               2.4809619                       -3.077061
                   2.485                      -3.1091811
                2.488978                      -3.1412973
                   2.494                      -3.1824727
                2.496994                      -3.2072963
                   2.503                      -3.2578884
                 2.50501                       -3.275045
                   2.512                      -3.3355461
               2.5130261                      -3.3445355
                   2.521                      -3.4153831
               2.5210421                      -3.4157616
               2.5290581                      -3.4887679
                    2.53                      -3.4974593
               2.5370741                      -3.5634802
                   2.539                      -3.5816821
               2.5450902                      -3.6398825
                   2.548                      -3.6680355
               2.5531062                      -3.7179409
                   2.557                      -3.7564495
               2.5611222                      -3.7976248
                   2.566                      -3.8468628
               2.5691383                       -3.878961
                   2.575                       -3.939239
               2.5771543                      -3.9616153
                   2.584                      -4.0334267
               2.5851703                      -4.0458069
                   2.593                      -4.1293751
               2.5931864                      -4.1313797
               2.6012024                      -4.2181361
                   2.602                      -4.2267829
               2.6092184                      -4.3062816
                   2.611                      -4.3260103
               2.6172345                      -4.3954384
                    2.62                      -4.4264329
               2.6252505                      -4.4856662
                   2.629                      -4.5282495
               2.6332665                      -4.5766423
                   2.638                      -4.6308734
               2.6412826                      -4.6686467
                   2.647                      -4.7345729
               2.6492986                      -4.7612566
                   2.656                      -4.8394974
               2.6573146                      -4.8548946
                   2.665                      -4.9453287
               2.6653307                      -4.9492407
               2.6733467                      -5.0447344
                   2.674                      -5.0525983
               2.6813627                      -5.1408541
                   2.683                       -5.160745
               2.6893788                       -5.238918
                   2.692                      -5.2714086
               2.6973948                      -5.3390119
                   2.701                      -5.3848607
               2.7054108                      -5.4420508
                    2.71                      -5.5029794
               2.7134269                      -5.5496587
                   2.719                      -5.6285494
               2.7214429                      -5.6642956
                   2.728                      -5.7655098
               2.7294589                      -5.7891525
                   2.737                      -5.9210261
               2.7374749                       -5.929969
                2.745491                       -6.096232
                   2.746                      -6.1079511
                2.753507                      -6.3023075
                   2.755                      -6.3464858
                2.761523                      -6.5650225
                   2.764                      -6.6571844
               2.7695391                       -6.847755
                   2.773                      -6.8782472
               2.7775551                      -6.4952602
                   2.782                      -5.1904453
               2.7855711                      -3.9278696
                   2.791                      -3.3406542
               2.7935872                      -3.4632788
                     2.8                          -3.932
               2.8016032                      -4.0377979
                   2.809                      -4.4212495
               2.8096192                      -4.4465867
               2.8176353                       -4.708009
                   2.818                      -4.7175123
               2.8256513                      -4.8832338
                   2.827                      -4.9069957
               2.8336673                       -5.006755
                   2.836                      -5.0358843
               2.8416834                      -5.0971615
                   2.845                      -5.1275756
               2.8496994                      -5.1651562
                   2.854                      -5.1947675
               2.8577154                      -5.2172731
                   2.863                      -5.2450924
               2.8657315                      -5.2578013
                   2.872                      -5.2833804
               2.8737475                      -5.2897314
                   2.881                      -5.3129342
               2.8817635                      -5.3151219
               2.8897796                      -5.3357642
                    2.89                      -5.3362779
               2.8977956                      -5.3529752
                   2.899                       -5.355333
               2.9058116                      -5.3680999
                   2.908                      -5.3715395
               2.9138277                      -5.3811362
                   2.917                      -5.3861783
               2.9218437                      -5.3937564
                   2.926                      -5.4002496
               2.9298597                       -5.406446
                   2.935                      -5.4148509
               2.9378758                       -5.419554
                   2.944                      -5.4301395
               2.9458918                      -5.4335461
                   2.953                      -5.4473464
               2.9539078                       -5.449201
               2.9619238                      -5.4665603
                   2.962                      -5.4667398
               2.9699399                      -5.4863641
                   2.971                       -5.489158
               2.9779559                      -5.5086365
                    2.98                      -5.5147556
               2.9859719                      -5.5337064
                   2.989                      -5.5439543
                2.993988                      -5.5618395
                   2.998                      -5.5771241
                3.002004                      -5.5931869
                   3.007                      -5.6144709
                 3.01002                      -5.6279388
                   3.016                      -5.6561177
               3.0180361                       -5.666236
                   3.025                       -5.702569
               3.0260521                      -5.7083004
                   3.034                      -5.7536048
               3.0340681                      -5.7540099
               3.0420842                      -5.8035609
                   3.043                      -5.8094598
               3.0501002                      -5.8566715
                   3.052                      -5.8701414
               3.0581162                       -5.914262
                   3.061                      -5.9357967
               3.0661323                       -5.975302
                    3.07                      -6.0060107
               3.0741483                      -6.0398926
                   3.079                      -6.0809454
               3.0821643                      -6.1086876
                   3.088                      -6.1616193
               3.0901804                      -6.1816686
                   3.097                      -6.2462167
               3.0981964                      -6.2578115
                   3.106                      -6.3352206
               3.1062124                      -6.3373698
               3.1142285                      -6.4206429
                   3.115                      -6.4288292
               3.1222445                      -6.5070634
                   3.124                      -6.5264033
               3.1302605                      -6.5966648
                   3.133                      -6.6280314
               3.1382766                      -6.6894208
                   3.142                      -6.7334262
               3.1462926                      -6.7845702
                   3.151                       -6.842243
               3.1543086                      -6.8826767
                    3.16                      -6.9540498
               3.1623246                      -6.9834415
                   3.169                       -7.068727
               3.1703407                      -7.0860129
                   3.178                      -7.1857613
               3.1783567                      -7.1904479
               3.1863727                      -7.2966936
                   3.187                      -7.3050833
               3.1943888                      -7.4033031
                   3.196                      -7.4253234
               3.2024048                      -7.5125303
                   3.205                      -7.5480417
               3.2104208                      -7.6208613
                   3.214                      -7.6701907
               3.2184369                      -7.7308803
                   3.223                      -7.7931769
               3.2264529                      -7.8402587
                   3.232                      -7.9157504
               3.2344689                      -7.9495012
                   3.241                      -8.0375419
                3.242485                      -8.0575163
                    3.25                        -8.15792
                3.250501                      -8.1645677
                3.258517                      -8.2700571
                   3.259                      -8.2766152
               3.2665331                      -8.3734768
                   3.268                      -8.3921481
               3.2745491                      -8.4744194
                   3.277                       -8.504717
               3.2825651                      -8.5724275
                   3.286                      -8.6134357
               3.2905812                       -8.666848
                   3.295                      -8.7174695
               3.2985972                      -8.7575025
                   3.304                      -8.8163546
               3.3066132                      -8.8440153
                   3.313                       -8.909418
               3.3146293                      -8.9255835
                   3.322                      -8.9959334
               3.3226453                      -9.0018683
               3.3306613                      -9.0723844
                   3.331                      -9.0752297
               3.3386774                      -9.1367047
                    3.34                        -9.14669
               3.3466934                      -9.1944169
                   3.349                      -9.2097437
               3.3547094                      -9.2449912
                   3.358                      -9.2635921
               3.3627255                      -9.2880492
                   3.367                      -9.3077865
               3.3707415                      -9.3231707
                   3.376                       -9.341736
               3.3787575                       -9.350013
                   3.385                      -9.3649564
               3.3867735                      -9.3681405
                   3.394                      -9.3769613
               3.3947896                      -9.3774703
               3.4028056                      -9.3775049
                   3.403                      -9.3773863
               3.4108216                      -9.3681757
                   3.412                      -9.3660044
               3.4188377                      -9.3492328
                   3.421                      -9.3421005
               3.4268537                       -9.320592
                    3.43                      -9.3067251
               3.4348697                      -9.2826601
                   3.439                      -9.2593674
               3.4428858                      -9.2351987
                   3.448                      -9.2001099
               3.4509018                      -9.1785784
                   3.457                      -9.1296342
               3.4589178                      -9.1132336
                   3.466                      -9.0486294
               3.4669339                       -9.039621
               3.4749499                      -8.9587988
                   3.475                      -8.9582707
               3.4829659                      -8.8711965
                   3.484                      -8.8594646
                3.490982                      -8.7779852
                   3.493                      -8.7537682
                3.498998                      -8.6803136
                   3.502                      -8.6428499
                3.507014                      -8.5791265
                   3.511                       -8.528431
               3.5150301                      -8.4766249
                    3.52                      -8.4124852
               3.5230461                      -8.3731778
                   3.529                      -8.2967576
               3.5310621                      -8.2704981
                   3.538                      -8.1831567
               3.5390782                      -8.1698937
                   3.547                      -8.0740367
               3.5470942                       -8.072919
               3.5551102                      -7.9801931
                   3.556                       -7.970211
               3.5631263                      -7.8927832
                   3.565                      -7.8732497
               3.5711423                      -7.8116318
                   3.574                      -7.7842713
               3.5791583                       -7.737131
                   3.583                      -7.7039384
               3.5871743                      -7.6697669
                   3.592                      -7.6327604
               3.5951904                      -7.6097743
                   3.601                       -7.570929
               3.6032064                      -7.5572076
                    3.61                      -7.5189763
               3.6112224                      -7.5120236
                   3.619                      -7.4752253
               3.6192385                      -7.4742009
               3.6272545                       -7.443313
                   3.628                      -7.4407853
               3.6352705                      -7.4189852
                   3.637                      -7.4146844
               3.6432866                      -7.4012207
                   3.646                      -7.3963991
               3.6513026                      -7.3890951
                   3.655                      -7.3855084
               3.6593186                      -7.3827077
                   3.664                      -7.3813347
               3.6673347                      -7.3816153
                   3.673                      -7.3838131
               3.6753507                      -7.3853954
                   3.682                        -7.39196
               3.6833667                       -7.393688
                   3.691                      -7.4056511
               3.6913828                      -7.4063508
               3.6993988                      -7.4231002
                     3.7                      -7.4244849
               3.7074148                      -7.4435749
                   3.709                      -7.4480758
               3.7154309                      -7.4675833
                   3.718                      -7.4759796
               3.7234469                      -7.4949412
                   3.727                       -7.508183
               3.7314629                      -7.5256796
                   3.736                      -7.5444588
                3.739479                      -7.5595246
                   3.745                      -7.5845986
                3.747495                      -7.5964144
                   3.754                      -7.6284809
                3.755511                      -7.6357835
                   3.763                      -7.6759878
               3.7635271                      -7.6788803
               3.7715431                      -7.7243594
                   3.772                      -7.7270351
               3.7795591                      -7.7725941
                   3.781                      -7.7815531
               3.7875752                      -7.8233494
                    3.79                      -7.8394884
               3.7955912                      -7.8771778
                   3.799                      -7.9007952
               3.8036072                      -7.9333232
                   3.808                      -7.9653692
               3.8116232                      -7.9923209
                   3.817                      -8.0332718
               3.8196393                       -8.053785
                   3.826                      -8.1044088
               3.8276553                      -8.1178467
                   3.835                      -8.1787707
               3.8356713                      -8.1844448
               3.8436874                      -8.2535393
                   3.844                      -8.2562843
               3.8517034                       -8.325367
                   3.853                      -8.3372945
               3.8597194                      -8.3995096
                   3.862                      -8.4209382
               3.8677355                      -8.4757404
                   3.871                      -8.5074933
               3.8757515                       -8.554464
                    3.88                      -8.5976442
               3.8837675                      -8.6361776
                   3.889                      -8.6903305
               3.8917836                      -8.7195498
                   3.898                      -8.7857403
               3.8997996                      -8.8050938
                   3.907                       -8.883573
               3.9078156                      -8.8925674
               3.9158317                      -8.9817839
                   3.916                      -8.9836675
               3.9238477                      -9.0737556
                   3.925                      -9.0869169
               3.9318637                        -9.16638
                   3.934                      -9.1913794
                   3.943                      -9.2978376
                   3.952                      -9.4058838
                   3.961                      -9.5151981
                    3.97                      -9.6254389
                   3.979                      -9.7362309
                   3.988                      -9.8471624
                   3.997                       -9.957783
                   4.006                      -10.067604
                   4.015                      -10.176099
                   4.024                      -10.282704
                   4.033                       -10.38682
                   4.042                       -10.48782
                   4.051                      -10.585049
                    4.06                      -10.677834
                   4.069                      -10.765489
                   4.078                      -10.847328
                   4.087                      -10.922671
                   4.096                       -10.99086
                   4.105                      -11.051266
                   4.114                      -11.103308
                   4.123                      -11.146462
                   4.132                      -11.180271
                   4.141                      -11.204362
                    4.15                      -11.218451
                   4.159                      -11.222349
                   4.168                      -11.215971
                   4.177                      -11.199333
                   4.186                      -11.172552
                   4.195                      -11.135843
                   4.204                      -11.089513
                   4.213                      -11.033948
                   4.222                      -10.969606
                   4.231                      -10.897004
                    4.24                      -10.816705
                   4.249                      -10.729308
                   4.258                      -10.635438
                   4.267                      -10.535763
                   4.276                      -10.431052
                   4.285                      -10.321586
                   4.294                       -10.20796
                     4.3                      -10.130303
                   4.303                      -10.090963
               4.3102041                      -9.9952299
                   4.312                      -9.9711035
               4.3204082                      -9.8572694
                   4.321                      -9.8491697
                    4.33                      -9.7251693
               4.3306122                      -9.7166814
                   4.339                      -9.5998315
               4.3408163                      -9.5744014
                   4.348                      -9.4736395
               4.3510204                      -9.4311113
                   4.357                       -9.346807
               4.3612245                      -9.2871931
                   4.366                      -9.2197947
               4.3714286                      -9.1432006
                   4.375                       -9.092894
               4.3816327                      -8.9996409
                   4.384                      -8.9664275
               4.3918367                      -8.8568579
                   4.393                      -8.8406529
                   4.402                      -8.7158841
               4.4020408                      -8.7153208
                   4.411                      -8.5922357
               4.4122449                      -8.5752192
                    4.42                      -8.4699233
                4.422449                      -8.4369107
                   4.429                      -8.3491918
               4.4326531                        -8.30067
                   4.438                      -8.2301369
               4.4428571                      -8.1666897
                   4.447                      -8.1130129
               4.4530612                      -8.0352479
                   4.456                      -7.9978833
               4.4632653                      -7.9065412
                   4.465                      -7.8849554
               4.4734694                      -7.7808472
                   4.474                      -7.7743976
                   4.483                      -7.6663559
               4.4836735                      -7.6583646
                   4.492                       -7.561034
               4.4938776                      -7.5394391
                   4.501                      -7.4587319
               4.5040816                      -7.4244331
                    4.51                      -7.3596655
               4.5142857                      -7.3137485
                   4.519                      -7.2642747
               4.5244898                      -7.2081915
                   4.528                      -7.1731449
               4.5346939                      -7.1085368
                   4.537                      -7.0869942
                4.544898                      -7.0164114
                   4.546                       -7.006999
                   4.555                      -6.9349691
                4.555102                       -6.934208
                   4.564                      -6.8738817
               4.5653061                       -6.866196
                   4.573                      -6.8290649
               4.5755102                      -6.8206833
                   4.582                      -6.8110477
               4.5857143                      -6.8161345
                   4.591                      -6.8435907
               4.5959184                      -6.9027244
                     4.6                      -6.9936576
               4.6061224                      -7.2761062
                   4.609                      -7.5356753
               4.6163265                      -9.5057279
                   4.618                      -10.477033
               4.6265306                      -5.2192442
                   4.627                      -5.1700709
                   4.636                      -5.2142548
               4.6367347                      -5.2280366
                   4.645                      -5.3298277
               4.6469388                      -5.3421989
                   4.654                      -5.3637885
               4.6571429                      -5.3647381
                   4.663                      -5.3569135
               4.6673469                      -5.3452474
                   4.672                      -5.3287599
                4.677551                      -5.3050333
                   4.681                      -5.2885694
               4.6877551                      -5.2533618
                    4.69                      -5.2409498
               4.6979592                      -5.1959315
                   4.699                      -5.1897725
                   4.708                      -5.1354496
               4.7081633                      -5.1344463
                   4.717                      -5.0795184
               4.7183673                       -5.070934
                   4.726                      -5.0227238
               4.7285714                      -5.0063969
                   4.735                       -4.965477
               4.7387755                       -4.941417
                   4.744                      -4.9081405
               4.7489796                      -4.8764826
                   4.753                      -4.8508692
               4.7591837                      -4.8119296
                   4.762                      -4.7942098
               4.7693878                      -4.7479664
                   4.771                      -4.7379239
               4.7795918                      -4.6847276
                    4.78                      -4.6822145
                   4.789                      -4.6271469
               4.7897959                      -4.6223101
                   4.798                      -4.5726952
                     4.8                      -4.5607875
                   4.807                      -4.5191685
                   4.816                      -4.4663539
                   4.825                      -4.4143496
                   4.834                      -4.3631668
                   4.843                      -4.3128106
                   4.852                      -4.2632827
                   4.861                      -4.2145818
                    4.87                       -4.166705
                   4.879                      -4.1196471
                   4.888                      -4.0734021
                   4.897                      -4.0279624
                   4.906                      -3.9833198
                   4.915                      -3.9394652
                   4.924                       -3.896389
                   4.933                      -3.8540813
                   4.942                      -3.8125316
                   4.951                      -3.7717294
                    4.96                       -3.731664
                   4.969                      -3.6923247
                   4.978                      -3.6537007
                   4.987                      -3.6157811
                   4.996                      -3.5785553
                   5.005                      -3.5420126
                   5.014                      -3.5061425
                   5.023                      -3.4709346
                   5.032                      -3.4363786
                   5.041                      -3.4024644
                    5.05                      -3.3691821
                   5.059                       -3.336522
                   5.068                      -3.3044745
                   5.077                      -3.2730302
                   5.086                      -3.2421799
                   5.095                      -3.2119147
                   5.104                      -3.1822256
                   5.113                      -3.1531042
                   5.122                      -3.1245419
                   5.131                      -3.0965305
                    5.14                      -3.0690621
                   5.149                      -3.0421286
                   5.158                      -3.0157225
                   5.167                      -2.9898362
                   5.176                      -2.9644624
                   5.185                      -2.9395939
                   5.194                      -2.9152238
                   5.203                      -2.8913452
                   5.212                      -2.8679514
                   5.221                       -2.845036
                    5.23                      -2.8225925
                   5.239                      -2.8006149
                   5.248                      -2.7790969
                   5.257                      -2.7580327
                   5.266                      -2.7374164
                   5.275                      -2.7172425
                   5.284                      -2.6975054
                   5.293                      -2.6781996
                   5.302                        -2.65932
                   5.311                      -2.6408613
                    5.32                      -2.6228184
                   5.329                      -2.6051865
                   5.338                      -2.5879607
                   5.347                      -2.5711363
                   5.356                      -2.5547086
                   5.365                      -2.5386731
                   5.374                      -2.5230253
                   5.383                      -2.5077609
                   5.392                      -2.4928757
                   5.401                      -2.4783655
                    5.41                      -2.4642261
                   5.419                      -2.4504535
                   5.428                      -2.4370439
                   5.437                      -2.4239933
                   5.446                      -2.4112979
                   5.455                      -2.3989541
                   5.464                      -2.3869582
                   5.473                      -2.3753066
                   5.482                      -2.3639958
                   5.491                      -2.3530222
                     5.5                      -2.3423826
                   5.509                      -2.3320735
                   5.518                      -2.3220917
                   5.527                       -2.312434
                   5.536                      -2.3030971
                   5.545                       -2.294078
                   5.554                      -2.2853736
                   5.563                      -2.2769808
                   5.572                      -2.2688967
                   5.581                      -2.2611183
                    5.59                      -2.2536428
                   5.599                      -2.2464673
                   5.608                       -2.239589
                   5.617                      -2.2330052
                   5.626                      -2.2267132
                   5.635                      -2.2207103
                   5.644                      -2.2149938
                   5.653                      -2.2095613
                   5.662                      -2.2044101
                   5.671                      -2.1995378
                    5.68                       -2.194942
                   5.689                      -2.1906201
                   5.698                      -2.1865698
                   5.707                      -2.1827887
                   5.716                      -2.1792747
                   5.725                      -2.1760254
                   5.734                      -2.1730386
                   5.743                      -2.1703121
                   5.752                      -2.1678438
                   5.761                      -2.1656316
                    5.77                      -2.1636735
                   5.779                      -2.1619675
                   5.788                      -2.1605115
                   5.797                      -2.1593038
                   5.806                      -2.1583424
                   5.815                      -2.1576255
                   5.824                      -2.1571515
                   5.833                      -2.1569184
                   5.842                      -2.1569248
                   5.851                       -2.157169
                    5.86                      -2.1576495
                   5.869                      -2.1583648
                   5.878                      -2.1593135
                   5.887                      -2.1604943
                   5.896                      -2.1619058
                   5.905                       -2.163547
                   5.914                      -2.1654166
                   5.923                      -2.1675137
                   5.932                      -2.1698373
                   5.941                      -2.1723866
                    5.95                      -2.1751608
                   5.959                      -2.1781593
                   5.968                      -2.1813816
                   5.977                      -2.1848274
                   5.986                      -2.1884963
                   5.995                      -2.1923884
                       6                       -2.194647
                   6.004                      -2.1965036
                   6.013                      -2.2008422
                   6.022                      -2.2054047
                   6.031                      -2.2101917
                    6.04                      -2.2152042
                   6.049                      -2.2204433
                   6.058                      -2.2259105
                   6.067                      -2.2316077
                   6.076                      -2.2375369
                   6.085                      -2.2437009
                   6.094                      -2.2501028
                   6.103                      -2.2567461
                   6.112                      -2.2636353
                   6.121                      -2.2707754
                    6.13                      -2.2781724
                   6.139                      -2.2858332
                   6.148                       -2.293766
                   6.157                      -2.3019805
                   6.166                       -2.310488
                   6.175                       -2.319302
                   6.184                      -2.3284386
                   6.193                       -2.337917
                   6.202                      -2.3477604
                   6.211                       -2.357997
                    6.22                      -2.3686613
                   6.229                      -2.3797958
                   6.238                      -2.3914538
                   6.247                      -2.4037028
                   6.256                       -2.416629
                   6.265                      -2.4303447
                   6.274                      -2.4449986
                   6.283                      -2.4607914
                   6.292                      -2.4779999
                   6.301                      -2.4970159
                    6.31                      -2.5184109
                   6.319                      -2.5430481
                   6.328                      -2.5722874
                   6.337                      -2.6083824
                   6.346                      -2.6553127
                   6.355                      -2.7206935
                   6.364                      -2.8207184
                   6.373                      -2.9951483
                   6.382                      -3.3636873
                   6.391                      -4.4055973
                     6.4                      -7.9786186
                   6.409                      -5.5383758
                   6.418                      -3.3557516
                   6.427                      -2.8565228
                   6.436                      -2.7047613
                   6.445                      -2.6511127
                   6.454                      -2.6333768
                   6.463                      -2.6312926
                   6.472                      -2.6369277
                   6.481                      -2.6467462
                    6.49                      -2.6590145
                   6.499                      -2.6728192
                   6.508                      -2.6876514
                   6.517                      -2.7032153
                   6.526                      -2.7193328
                   6.535                      -2.7358938
                   6.544                      -2.7528289
                   6.553                      -2.7700939
                   6.562                      -2.7876602
                   6.571                      -2.8055093
                    6.58                      -2.8236295
                   6.589                      -2.8420129
                   6.598                      -2.8606547
                   6.607                      -2.8795518
                   6.616                       -2.898702
                   6.625                       -2.918104
                   6.634                      -2.9377564
                   6.643                       -2.957658
                   6.652                      -2.9778076
                   6.661                      -2.9982032
                    6.67                      -3.0188428
                   6.679                      -3.0397238
                   6.688                      -3.0608428
                   6.697                      -3.0821959
                   6.706                      -3.1037784
                   6.715                      -3.1255851
                   6.724                      -3.1476096
                   6.733                       -3.169845
                   6.742                      -3.1922832
                   6.751                      -3.2149154
                    6.76                      -3.2377319
                   6.769                       -3.260722
                   6.778                      -3.2838739
                   6.787                      -3.3071749
                   6.796                      -3.3306115
                   6.805                       -3.354169
                   6.814                      -3.3778318
                   6.823                      -3.4015833
                   6.832                      -3.4254062
                   6.841                      -3.4492821
                    6.85                      -3.4731918
                   6.859                      -3.4971155
                   6.868                      -3.5210324
                   6.877                      -3.5449212
                   6.886                      -3.5687602
                   6.895                       -3.592527
                   6.904                      -3.6161989
                   6.913                      -3.6397531
                   6.922                      -3.6631664
                   6.931                      -3.6864159
                    6.94                      -3.7094787
                   6.949                       -3.732332
                   6.958                      -3.7549535
                   6.967                      -3.7773217
                   6.976                      -3.7994153
                   6.985                      -3.8212141
                   6.994                      -3.8426989
                   7.003                      -3.8638513
                   7.012                      -3.8846544
                   7.021                      -3.9050923
                    7.03                      -3.9251506
                   7.039                      -3.9448166
                   7.048                      -3.9640789
                   7.057                      -3.9829278
                   7.066                      -4.0013554
                   7.075                      -4.0193554
                   7.084                      -4.0369233
                   7.093                      -4.0540563
                   7.102                      -4.0707534
                   7.111                      -4.0870153
                    7.12                      -4.1028445
                   7.129                      -4.1182451
                   7.138                      -4.1332228
                   7.147                      -4.1477849
                   7.156                      -4.1619401
                   7.165                      -4.1756986
                   7.174                       -4.189072
                   7.183                       -4.202073
                   7.192                      -4.2147155
                   7.201                      -4.2270147
                    7.21                      -4.2389864
                   7.219                      -4.2506477
                   7.228                      -4.2620163
                   7.237                      -4.2731108
                   7.246                      -4.2839501
                   7.255                      -4.2945542
                   7.264                      -4.3049432
                   7.273                      -4.3151376
                   7.282                      -4.3251587
                   7.291                      -4.3350275
                     7.3                      -4.3447655
                   7.309                      -4.3543945
                   7.318                      -4.3639362
                   7.327                      -4.3734122
                   7.336                      -4.3828443
                   7.345                      -4.3922542
                   7.354                      -4.4016634
                   7.363                      -4.4110932
                   7.372                      -4.4205648
                   7.381                      -4.4300989
                    7.39                      -4.4397159
                   7.399                      -4.4494362
                   7.408                      -4.4592791
                   7.417                      -4.4692641
                   7.426                      -4.4794095
                   7.435                      -4.4897337
                   7.444                      -4.5002538
                   7.453                      -4.5109866
                   7.462                       -4.521948
                   7.471                      -4.5331533
                    7.48                      -4.5446165
                   7.489                      -4.5563511
                   7.498                      -4.5683693
                   7.507                      -4.5806824
                   7.516                      -4.5933006
                   7.525                      -4.6062328
                   7.534                      -4.6194868
                   7.543                      -4.6330689
                   7.552                      -4.6469842
                   7.561                      -4.6612364
                    7.57                      -4.6758275
                   7.579                      -4.6907582
                   7.588                      -4.7060275
                   7.597                      -4.7216328
                   7.606                      -4.7375699
                   7.615                      -4.7538328
                   7.624                       -4.770414
                   7.633                       -4.787304
                   7.642                      -4.8044919
                   7.651                      -4.8219647
                    7.66                      -4.8397082
                   7.669                      -4.8577061
                   7.678                      -4.8759409
                   7.687                      -4.8943932
                   7.696                      -4.9130425
                   7.705                      -4.9318667
                   7.714                      -4.9508425
                   7.723                      -4.9699456
                   7.732                      -4.9891507
                   7.741                      -5.0084314
                    7.75                      -5.0277611
                   7.759                      -5.0471123
                   7.768                      -5.0664575
                   7.777                      -5.0857689
                   7.786                       -5.105019
                   7.795                      -5.1241807
                   7.804                      -5.1432271
                   7.813                      -5.1621325
                   7.822                      -5.1808719
                   7.831                      -5.1994218
                    7.84                        -5.21776
                   7.849                       -5.235866
                   7.858                      -5.2537211
                   7.867                      -5.2713086
                   7.876                      -5.2886138
                   7.885                      -5.3056234
                   7.894                      -5.3223215
                     7.9                      -5.3332633
                   7.903                      -5.3386763
                   7.912                      -5.3548236
               7.9122449                      -5.3552585
                   7.921                      -5.3706161
               7.9244898                      -5.3766366
                    7.93                      -5.3861175
               7.9367347                      -5.3975227
                   7.939                      -5.4013125
                   7.948                      -5.4161891
               7.9489796                      -5.4177913
                   7.957                      -5.4308086
               7.9612245                      -5.4375935
                   7.966                      -5.4451908
               7.9734694                      -5.4569369
                   7.975                      -5.4593257
                   7.984                      -5.4732545
               7.9857143                      -5.4758694
                   7.993                      -5.4869812
               7.9979592                      -5.4944938
                   8.002                      -5.5005868
               8.0102041                      -5.5129032
                   8.011                      -5.5140969
                    8.02                      -5.5276095
                8.022449                      -5.5312854
                   8.029                      -5.5411231
               8.0346939                      -5.5497084
                   8.038                      -5.5547155
               8.0469388                      -5.5682515
                   8.047                       -5.568345
                   8.056                      -5.5822333
               8.0591837                      -5.5872312
                   8.065                       -5.596378
               8.0714286                      -5.6067866
                   8.074                      -5.6110251
                   8.083                      -5.6259991
               8.0836735                      -5.6271428
                   8.092                       -5.641613
               8.0959184                      -5.6486397
                   8.101                      -5.6579745
               8.1081633                      -5.6715998
                    8.11                      -5.6752076
                   8.119                      -5.6935096
               8.1204082                      -5.6964791
                   8.128                      -5.7130509
               8.1326531                      -5.7237315
                   8.137                      -5.7340376
                8.144898                      -5.7538223
                   8.146                      -5.7566973
                   8.155                      -5.7815247
               8.1571429                      -5.7876993
                   8.164                      -5.8085205
               8.1693878                      -5.8260191
                   8.173                      -5.8383632
               8.1816327                      -5.8700972
                   8.182                      -5.8715245
                   8.191                      -5.9084595
               8.1938776                      -5.9212802
                     8.2                      -5.9502593
               8.2061224                       -5.981857
                   8.209                      -5.9976967
                   8.218                      -6.0520254
               8.2183673                      -6.0544133
                   8.227                      -6.1150027
               8.2306122                      -6.1432213
                   8.236                      -6.1888705
               8.2428571                      -6.2544039
                   8.245                      -6.2768475
                   8.254                      -6.3836013
                8.255102                      -6.3982858
                   8.263                      -6.5159891
               8.2673469                      -6.5923207
                   8.272                       -6.685543
               8.2795918                      -6.8707437
                   8.281                       -6.910886
                    8.29                      -7.2273376
               8.2918367                      -7.3083582
                   8.299                       -7.704541
               8.3040816                      -8.0974132
                   8.308                      -8.4984028
               8.3163265                      -9.8239156
                   8.317                      -9.9703301
                   8.326                      -12.320554
               8.3285714                      -12.597146
                   8.335                      -10.571148
               8.3408163                       -8.116277
                   8.344                      -7.2818276
                   8.353                      -6.2869728
               8.3530612                      -6.2843484
                   8.362                      -6.1468366
               8.3653061                      -6.1723833
                   8.371                      -6.2618684
                8.377551                      -6.4081977
                    8.38                      -6.4710102
                   8.389                      -6.7299813
               8.3897959                      -6.7547616
                   8.398                      -7.0260413
               8.4020408                      -7.1695109
                   8.407                      -7.3532084
               8.4142857                      -7.6338167
                   8.416                      -7.7008229
                   8.425                       -8.044508
               8.4265306                       -8.099259
                   8.434                      -8.3319439
               8.4387755                      -8.4345488
                   8.443                      -8.4808183
               8.4510204                      -8.4179856
                   8.452                      -8.3949706
                   8.461                      -8.0232506
               8.4632653                      -7.8878996
                    8.47                      -7.4119931
               8.4755102                      -6.9720605
                   8.479                      -6.6857712
               8.4877551                      -5.9913853
                   8.488                      -5.9729972
                   8.497                      -5.3541306
                     8.5                      -5.1747941
                   8.506                      -4.8576307
                   8.515                      -4.4787176
                   8.524                      -4.1982398
                   8.533                      -3.9942943
                   8.542                      -3.8474507
                   8.551                      -3.7422589
                    8.56                      -3.6670928
                   8.569                      -3.6134502
                   8.578                      -3.5751989
                   8.587                      -3.5479401
                   8.596                      -3.5285204
                   8.605                       -3.514674
                   8.614                      -3.5047675
                   8.623                      -3.4976187
                   8.632                      -3.4923687
                   8.641                      -3.4883915
                    8.65                        -3.48523
                   8.659                        -3.48255
                   8.668                      -3.4801076
                   8.677                      -3.4777254
                   8.686                      -3.4752751
                   8.695                      -3.4726648
                   8.704                      -3.4698303
                   8.713                      -3.4667274
                   8.722                      -3.4633272
                   8.731                      -3.4596124
                    8.74                      -3.4555739
                   8.749                      -3.4512093
                   8.758                      -3.4465205
                   8.767                      -3.4415133
                   8.776                      -3.4361957
                   8.785                      -3.4305774
                   8.794                      -3.4246695
                   8.803                       -3.418484
                   8.812                      -3.4120331
                   8.821                      -3.4053295
                    8.83                      -3.3983858
                   8.839                      -3.3912146
                   8.848                      -3.3838285
                   8.857                      -3.3762396
                   8.866                      -3.3684599
                   8.875                       -3.360501
                   8.884                      -3.3523743
                   8.893                      -3.3440907
                   8.902                      -3.3356608
                   8.911                      -3.3270949
                    8.92                      -3.3184029
                   8.929                      -3.3095945
                   8.938                      -3.3006789
                   8.947                      -3.2916651
                   8.956                      -3.2825617
                   8.965                      -3.2733772
                   8.974                      -3.2641196
                   8.983                      -3.2547969
                   8.992                      -3.2454166
                   9.001                      -3.2359862
                    9.01                      -3.2265127
                   9.019                      -3.2170033
                   9.028                      -3.2074646
                   9.037                      -3.1979033
                   9.046                      -3.1883257
                   9.055                      -3.1787382
                   9.064                      -3.1691469
                   9.073                      -3.1595578
                   9.082                      -3.1499766
                   9.091                      -3.1404092
                     9.1                      -3.1308611
                   9.109                      -3.1213379
                   9.118                      -3.1118448
                   9.127                      -3.1023873
                   9.136                      -3.0929706
                   9.145                      -3.0835997
                   9.154                      -3.0742797
                   9.163                      -3.0650157
                   9.172                      -3.0558124
                   9.181                      -3.0466749
                    9.19                      -3.0376078
                   9.199                      -3.0286158
                   9.208                      -3.0197037
                   9.217                      -3.0108761
                   9.226                      -3.0021376
                   9.235                      -2.9934926
                   9.244                      -2.9849457
                   9.253                      -2.9765014
                   9.262                      -2.9681639
                   9.271                      -2.9599379
                    9.28                      -2.9518274
                   9.289                      -2.9438369
                   9.298                      -2.9359707
                   9.307                       -2.928233
                   9.316                      -2.9206279
                   9.325                      -2.9131598
                   9.334                      -2.9058327
                   9.343                      -2.8986508
                   9.352                      -2.8916181
                   9.361                      -2.8847388
                    9.37                      -2.8780169
                   9.379                      -2.8714564
                   9.388                      -2.8650614
                   9.397                      -2.8588357
                   9.406                      -2.8527834
                   9.415                      -2.8469083
                   9.424                      -2.8412144
                   9.433                      -2.8357055
                   9.442                      -2.8303854
                   9.451                      -2.8252579
                    9.46                      -2.8203269
                   9.469                       -2.815596
                   9.478                       -2.811069
                   9.487                      -2.8067496
                   9.496                      -2.8026414
                   9.505                       -2.798748
                   9.514                      -2.7950731
                   9.523                      -2.7916202
                   9.532                      -2.7883928
                   9.541                      -2.7853944
                    9.55                      -2.7826285
                   9.559                      -2.7800984
                   9.568                      -2.7778076
                   9.577                      -2.7757594
                   9.586                      -2.7739571
                   9.595                       -2.772404
                   9.604                      -2.7711032
                   9.613                       -2.770058
                   9.622                      -2.7692715
                   9.631                      -2.7687468
                    9.64                      -2.7684869
                   9.649                      -2.7684949
                   9.658                      -2.7687738
                   9.667                      -2.7693264
                   9.676                      -2.7701556
                   9.685                      -2.7712643
                   9.694                      -2.7726553
                   9.703                      -2.7743314
                   9.712                      -2.7762952
                   9.721                      -2.7785494
                    9.73                      -2.7810967
                   9.739                      -2.7839396
                   9.748                      -2.7870808
                   9.757                      -2.7905226
                   9.766                      -2.7942677
                   9.775                      -2.7983184
                   9.784                      -2.8026773
                   9.793                      -2.8073466
                   9.802                      -2.8123288
                   9.811                      -2.8176262
                    9.82                      -2.8232411
                   9.829                       -2.829176
                   9.838                      -2.8354332
                   9.847                      -2.8420149
                   9.856                      -2.8489235
                   9.865                      -2.8561615
                   9.874                      -2.8637312
                   9.883                       -2.871635
                   9.892                      -2.8798755
                   9.901                      -2.8884552
                    9.91                      -2.8973768
                   9.919                       -2.906643
                   9.928                      -2.9162568
                   9.937                       -2.926221
                   9.946                       -2.936539
                   9.955                       -2.947214
                   9.964                      -2.9582498
                   9.973                      -2.9696501
                   9.982                      -2.9814193
                   9.991                      -2.9935618
                      10                      -3.0060827

