        Frequency / GHz                S2,1_950k_mesh/abs,linear
----------------------------------------------------------------------
                       1                      0.93991396
                   1.014                      0.93608731
                   1.028                      0.93196599
                   1.042                       0.9275258
                   1.056                      0.92274141
                    1.07                      0.91758657
                   1.084                      0.91203457
                   1.098                      0.90605879
                   1.112                      0.89963343
                   1.126                       0.8927346
                    1.14                      0.88534155
                   1.154                      0.87743836
                   1.168                      0.86901586
                   1.182                      0.86007406
                   1.196                      0.85062474
                    1.21                      0.84069447
                   1.224                      0.83032761
                   1.238                      0.81958922
                   1.252                      0.80856756
                   1.266                      0.79737566
                    1.28                      0.78615151
                   1.294                      0.77505646
                   1.308                      0.76427118
                   1.322                      0.75398925
                   1.336                      0.74440819
                    1.35                      0.73571863
                   1.364                       0.7280924
                   1.378                      0.72167107
                   1.392                      0.71655612
                   1.406                      0.71280237
                    1.42                      0.71041535
                   1.434                      0.70935296
                   1.448                      0.70953103
                   1.462                       0.7108317
                   1.476                      0.71311333
                    1.49                      0.71622074
                   1.504                      0.71999445
                   1.518                      0.72427848
                   1.532                       0.7289261
                   1.546                      0.73380368
                    1.56                      0.73879281
                   1.574                      0.74379094
                   1.588                      0.74871105
                   1.602                      0.75348049
                   1.616                      0.75803953
                    1.63                      0.76233956
                   1.644                      0.76634139
                   1.658                       0.7700135
                   1.672                      0.77333049
                   1.686                      0.77627162
                     1.7                      0.77881963
                   1.714                       0.7809596
                   1.728                      0.78267804
                   1.742                      0.78396212
                   1.756                      0.78479898
                    1.77                      0.78517518
                   1.784                      0.78507621
                   1.798                      0.78448611
                   1.812                      0.78338711
                   1.826                      0.78175944
                    1.84                      0.77958103
                   1.854                      0.77682746
                   1.868                      0.77347186
                   1.882                      0.76948498
                   1.896                       0.7648353
                    1.91                      0.75948937
                   1.924                      0.75341226
                   1.938                       0.7465683
                   1.952                      0.73892209
                   1.966                      0.73043989
                    1.98                      0.72109148
                   1.994                      0.71085257
                   2.008                      0.69970782
                   2.022                      0.68765469
                   2.036                      0.67470798
                    2.05                       0.6609053
                   2.064                      0.64631311
                   2.078                       0.6310334
                   2.092                      0.61521025
                   2.106                      0.59903581
                    2.12                      0.58275438
                   2.134                      0.56666333
                   2.148                      0.55110893
                   2.162                      0.53647535
                   2.176                      0.52316544
                    2.19                      0.51157296
                   2.204                      0.50204803
                   2.218                      0.49485993
                   2.232                      0.49016401
                   2.246                      0.48797962
                    2.26                      0.48818484
                   2.274                      0.49052946
                   2.288                      0.49466296
                   2.302                      0.50017104
                   2.316                       0.5066132
                    2.33                      0.51355538
                   2.344                      0.52059448
                   2.358                      0.52737396
                   2.372                      0.53359157
                   2.386                      0.53900116
                     2.4                      0.54341037
                   2.414                      0.54667617
                   2.428                      0.54869926
                   2.442                       0.5494185
                   2.456                       0.5488056
                    2.47                      0.54686052
                   2.484                      0.54360767
                   2.498                      0.53909271
                   2.512                      0.53338003
                   2.526                      0.52655076
                    2.54                      0.51870101
                   2.554                       0.5099405
                   2.568                      0.50039119
                   2.582                      0.49018594
                   2.596                      0.47946713
                    2.61                      0.46838515
                   2.624                      0.45709663
                   2.638                      0.44576248
                   2.652                      0.43454563
                   2.666                      0.42360848
                    2.68                      0.41311001
                   2.694                      0.40320254
                   2.708                      0.39402837
                   2.722                      0.38571614
                   2.736                      0.37837731
                    2.75                      0.37210287
                   2.764                      0.36696063
                   2.778                      0.36299338
                   2.792                      0.36021813
                   2.806                       0.3586266
                    2.82                        0.358187
                   2.834                       0.3588469
                   2.848                      0.36053693
                   2.862                      0.36317494
                   2.876                      0.36667025
                    2.89                      0.37092762
                   2.904                      0.37585075
                   2.918                      0.38134516
                   2.932                      0.38732032
                   2.946                      0.39369123
                    2.96                       0.4003793
                   2.974                      0.40731284
                   2.988                       0.4144271
                   3.002                      0.42166409
                   3.016                      0.42897214
                    3.03                      0.43630538
                   3.044                      0.44362312
                   3.058                      0.45088912
                   3.072                      0.45807095
                   3.086                      0.46513921
                     3.1                      0.47206679
                   3.114                      0.47882807
                   3.128                      0.48539801
                   3.142                       0.4917512
                   3.156                      0.49786057
                    3.17                      0.50369588
                   3.184                      0.50922167
                   3.198                      0.51439427
                   3.212                      0.51915757
                   3.226                      0.52343634
                    3.24                      0.52712569
                   3.254                      0.53007334
                   3.268                      0.53204867
                   3.282                      0.53268601
                   3.296                      0.53137556
                    3.31                      0.52704519
                   3.324                      0.51772609
                   3.338                      0.49988606
                   3.352                      0.46974597
                   3.366                      0.44579425
                    3.38                      0.49921248
                   3.394                      0.57359136
                   3.408                      0.60674406
                   3.422                      0.61896783
                   3.436                      0.62396541
                    3.45                      0.62637802
                   3.464                      0.62774205
                   3.478                      0.62859313
                   3.492                      0.62912101
                   3.506                       0.6293866
                    3.52                      0.62940009
                   3.534                      0.62915116
                   3.548                      0.62862131
                   3.562                      0.62778904
                   3.576                       0.6266321
                    3.59                      0.62512849
                   3.604                       0.6232568
                   3.618                      0.62099649
                   3.632                      0.61832797
                   3.646                      0.61523269
                    3.66                      0.61169328
                   3.674                       0.6076937
                   3.688                      0.60321941
                   3.702                      0.59825761
                   3.716                      0.59279747
                    3.73                      0.58683044
                   3.744                      0.58035052
                   3.758                      0.57335459
                   3.772                      0.56584275
                   3.786                      0.55781865
                     3.8                      0.54928977
                   3.814                      0.54026778
                   3.828                      0.53076878
                   3.842                      0.52081357
                   3.856                      0.51042785
                    3.87                      0.49964233
                   3.884                      0.48849288
                   3.898                      0.47702053
                   3.912                      0.46527143
                   3.926                      0.45329676
                    3.94                      0.44115252
                   3.954                      0.42889935
                   3.968                      0.41660211
                   3.982                      0.40432955
                   3.996                      0.39215381
                    4.01                      0.38014984
                   4.024                      0.36839475
                   4.038                      0.35696696
                   4.052                      0.34594533
                   4.066                      0.33540805
                    4.08                      0.32543134
                   4.094                      0.31608803
                   4.108                      0.30744589
                   4.122                      0.29956586
                   4.136                      0.29250024
                    4.15                      0.28629078
                   4.164                       0.2809671
                   4.178                      0.27654535
                   4.192                      0.27302738
                   4.206                      0.27040052
                    4.22                      0.26863804
                   4.234                      0.26770031
                   4.248                      0.26753647
                   4.262                      0.26808665
                   4.276                      0.26928428
                    4.29                      0.27105855
                   4.304                      0.27333673
                   4.318                      0.27604619
                   4.332                      0.27911614
                   4.346                      0.28247903
                    4.36                      0.28607159
                   4.374                       0.2898356
                   4.388                      0.29371844
                   4.402                      0.29767342
                   4.416                      0.30166011
                    4.43                      0.30564452
                   4.444                      0.30959928
                   4.458                      0.31350401
                   4.472                      0.31734554
                   4.486                      0.32111849
                     4.5                      0.32482576
                   4.514                      0.32847932
                   4.528                      0.33210111
                   4.542                      0.33572402
                   4.556                       0.3393931
                    4.57                      0.34316672
                   4.584                      0.34711776
                   4.598                      0.35133451
                   4.612                       0.3559212
                   4.626                      0.36099749
                    4.64                      0.36669649
                   4.654                       0.3731602
                   4.668                      0.38053077
                   4.682                      0.38893534
                   4.696                      0.39846081
                    4.71                      0.40911334
                   4.724                      0.42075631
                   4.738                      0.43302001
                   4.752                      0.44518322
                   4.766                      0.45604673
                    4.78                      0.46386426
                   4.794                      0.46646012
                   4.808                      0.46168522
                   4.822                      0.44821432
                   4.836                      0.42633489
                    4.85                      0.39814788
                   4.864                      0.36694012
                   4.878                      0.33614988
                   4.892                        0.308556
                   4.906                      0.28594952
                    4.92                      0.26916276
                   4.934                      0.25825183
                   4.948                       0.2527215
                   4.962                      0.25175402
                   4.976                      0.25441461
                    4.99                       0.2598034
                   5.004                      0.26714091
                   5.018                      0.27579687
                   5.032                      0.28528391
                   5.046                      0.29523548
                    5.06                      0.30538033
                   5.074                      0.31551942
                   5.088                      0.32550715
                   5.102                      0.33523698
                   5.116                      0.34463063
                    5.13                      0.35363019
                   5.144                      0.36219227
                   5.158                      0.37028371
                   5.172                      0.37787837
                   5.186                      0.38495472
                     5.2                      0.39149397
                   5.214                       0.3974786
                   5.228                      0.40289118
                   5.242                      0.40771341
                   5.256                      0.41192521
                    5.27                      0.41550402
                   5.284                      0.41842413
                   5.298                      0.42065607
                   5.312                      0.42216615
                   5.326                      0.42291604
                    5.34                      0.42286269
                   5.354                      0.42195839
                   5.368                      0.42015157
                   5.382                      0.41738826
                   5.396                      0.41361495
                    5.41                      0.40878344
                   5.424                      0.40285867
                   5.438                      0.39583101
                   5.452                       0.3877348
                   5.466                      0.37867535
                    5.48                      0.36886654
                   5.494                      0.35867924
                   5.508                      0.34869657
                   5.522                      0.33976136
                   5.536                      0.33298482
                    5.55                      0.32966812
                   5.564                      0.33109373
                   5.578                      0.33820248
                   5.592                      0.35127658
                   5.606                      0.36980265
                    5.62                      0.39259881
                   5.634                      0.41812514
                   5.648                      0.44481776
                   5.662                      0.47133127
                   5.676                      0.49665713
                    5.69                      0.52013989
                   5.704                      0.54143114
                   5.718                      0.56041706
                   5.732                      0.57714431
                   5.746                      0.59175703
                    5.76                       0.6044495
                   5.774                      0.61543368
                   5.788                      0.62491889
                   5.802                      0.63310034
                   5.816                      0.64015363
                    5.83                      0.64623294
                   5.844                      0.65147147
                   5.858                      0.65598298
                   5.872                      0.65986384
                   5.886                      0.66319518
                     5.9                        0.666045
                   5.914                      0.66847002
                   5.928                      0.67051735
                   5.942                      0.67222588
                   5.956                      0.67362749
                    5.97                      0.67474801
                   5.984                      0.67560802
                   5.998                       0.6762235
                   6.012                      0.67660634
                   6.026                      0.67676472
                    6.04                       0.6767034
                   6.054                      0.67642393
                   6.068                      0.67592474
                   6.082                       0.6752012
                   6.096                      0.67424559
                    6.11                      0.67304701
                   6.124                      0.67159118
                   6.138                      0.66986028
                   6.152                      0.66783258
                   6.166                      0.66548213
                    6.18                      0.66277831
                   6.194                       0.6596853
                   6.208                      0.65616154
                   6.222                      0.65215902
                   6.236                      0.64762258
                    6.25                      0.64248912
                   6.264                      0.63668679
                   6.278                      0.63013417
                   6.292                      0.62273948
                   6.306                      0.61440001
                    6.32                       0.6050017
                   6.334                      0.59441929
                   6.348                      0.58251708
                   6.362                      0.56915068
                   6.376                      0.55417031
                    6.39                      0.53742599
                   6.404                      0.51877538
                   6.418                      0.49809496
                   6.432                      0.47529538
                   6.446                      0.45034154
                    6.46                      0.42327809
                   6.474                      0.39426059
                   6.488                      0.36359224
                   6.502                      0.33176594
                   6.516                      0.29951075
                    6.53                      0.26783984
                   6.544                      0.23808867
                   6.558                      0.21190689
                   6.572                      0.19111295
                   6.586                      0.17727587
                     6.6                      0.17103142
                   6.614                      0.17157517
                   6.628                      0.17689791
                   6.642                      0.18460162
                   6.656                      0.19261219
                    6.67                      0.19949029
                   6.684                      0.20448079
                   6.698                      0.20748302
                   6.712                      0.20900736
                   6.726                      0.21008673
                    6.74                       0.2120663
                   6.754                      0.21623228
                   6.768                      0.22337996
                   6.782                      0.23355512
                   6.796                      0.24613198
                    6.81                      0.26013897
                   6.824                      0.27460032
                   6.838                      0.28874119
                   6.852                      0.30204644
                   6.866                      0.31423098
                    6.88                       0.3251787
                   6.894                      0.33488214
                   6.908                      0.34339563
                   6.922                      0.35080302
                   6.936                      0.35719758
                    6.95                       0.3626704
                   6.964                      0.36730427
                   6.978                      0.37117097
                   6.992                      0.37433055
                   7.006                      0.37683153
                    7.02                      0.37871161
                   7.034                       0.3799986
                   7.048                      0.38071133
                   7.062                      0.38086051
                   7.076                      0.38044954
                    7.09                      0.37947535
                   7.104                      0.37792928
                   7.118                      0.37579818
                   7.132                      0.37306596
                   7.146                      0.36971591
                    7.16                      0.36573423
                   7.174                      0.36111569
                   7.188                      0.35587234
                   7.202                       0.3500472
                   7.216                      0.34373514
                    7.23                      0.33711402
                   7.244                      0.33048923
                   7.258                      0.32435274
                   7.272                      0.31945078
                   7.286                      0.31683758
                     7.3                      0.31786488
                   7.314                      0.32403117
                   7.328                      0.33663673
                   7.342                      0.35630422
                   7.356                      0.38258009
                    7.37                      0.41386105
                   7.384                      0.44772195
                   7.398                       0.4815021
                   7.412                      0.51289924
                   7.426                        0.540355
                    7.44                      0.56314701
                   7.454                      0.58124645
                   7.468                      0.59507212
                   7.482                      0.60525507
                   7.496                      0.61246975
                    7.51                      0.61733765
                   7.524                      0.62038583
                   7.538                      0.62203875
                   7.552                      0.62262688
                   7.566                      0.62240157
                    7.58                      0.62155081
                   7.594                      0.62021333
                   7.608                      0.61849037
                   7.622                      0.61645507
                   7.636                      0.61415976
                    7.65                      0.61164164
                   7.664                      0.60892716
                   7.678                      0.60603543
                   7.692                      0.60298095
                   7.706                      0.59977575
                    7.72                       0.5964312
                   7.734                      0.59295941
                   7.748                      0.58937449
                   7.762                      0.58569341
                   7.776                      0.58193677
                    7.79                      0.57812917
                   7.804                      0.57429939
                   7.818                      0.57048019
                   7.832                      0.56670785
                   7.846                      0.56302139
                    7.86                      0.55946145
                   7.874                      0.55606905
                   7.888                      0.55288409
                   7.902                      0.54994397
                   7.916                      0.54728213
                    7.93                      0.54492688
                   7.944                      0.54290047
                   7.958                      0.54121847
                   7.972                      0.53988958
                   7.986                      0.53891577
                       8                      0.53829267
                   8.014                      0.53801034
                   8.028                       0.5380541
                   8.042                      0.53840553
                   8.056                      0.53904347
                    8.07                      0.53994496
                   8.084                      0.54108607
                   8.098                      0.54244274
                   8.112                      0.54399129
                   8.126                      0.54570896
                    8.14                      0.54757426
                   8.154                      0.54956717
                   8.168                      0.55166932
                   8.182                      0.55386401
                   8.196                      0.55613625
                    8.21                      0.55847267
                   8.224                      0.56086145
                   8.238                      0.56329223
                   8.252                      0.56575596
                   8.266                       0.5682448
                    8.28                        0.570752
                   8.294                      0.57327175
                   8.308                       0.5757991
                   8.322                      0.57832984
                   8.336                      0.58086038
                    8.35                      0.58338771
                   8.364                      0.58590928
                   8.378                      0.58842293
                   8.392                      0.59092685
                   8.406                      0.59341951
                    8.42                      0.59589962
                   8.434                      0.59836605
                   8.448                      0.60081786
                   8.462                       0.6032542
                   8.476                      0.60567432
                    8.49                      0.60807752
                   8.504                      0.61046317
                   8.518                      0.61283064
                   8.532                      0.61517932
                   8.546                      0.61750858
                    8.56                      0.61981777
                   8.574                      0.62210622
                   8.588                      0.62437321
                   8.602                      0.62661795
                   8.616                      0.62883961
                    8.63                      0.63103729
                   8.644                      0.63321001
                   8.658                      0.63535668
                   8.672                      0.63747615
                   8.686                      0.63956716
                     8.7                      0.64162834
                   8.714                       0.6436582
                   8.728                      0.64565513
                   8.742                      0.64761739
                   8.756                      0.64954308
                    8.77                      0.65143017
                   8.784                      0.65327644
                   8.798                       0.6550795
                   8.812                      0.65683675
                   8.826                      0.65854541
                    8.84                      0.66020242
                   8.854                      0.66180451
                   8.868                      0.66334808
                   8.882                      0.66482925
                   8.896                      0.66624379
                    8.91                      0.66758707
                   8.924                      0.66885405
                   8.938                       0.6700392
                   8.952                      0.67113643
                   8.966                      0.67213905
                    8.98                      0.67303966
                   8.994                      0.67383008
                   9.008                       0.6745012
                   9.022                      0.67504287
                   9.036                      0.67544374
                    9.05                      0.67569104
                   9.064                      0.67577039
                   9.078                      0.67566554
                   9.092                      0.67535799
                   9.106                      0.67482666
                    9.12                      0.67404741
                   9.134                      0.67299246
                   9.148                      0.67162973
                   9.162                      0.66992205
                   9.176                      0.66782607
                    9.19                      0.66529115
                   9.204                       0.6622578
                   9.218                      0.65865592
                   9.232                      0.65440258
                   9.246                      0.64939937
                    9.26                      0.64352921
                   9.274                      0.63665256
                   9.288                      0.62860294
                   9.302                      0.61918198
                   9.316                      0.60815401
                    9.33                        0.595241
                   9.344                      0.58011871
                   9.358                      0.56241662
                   9.372                      0.54172535
                   9.386                       0.5176187
                     9.4                      0.48970171
                   9.414                      0.45770308
                   9.428                      0.42163974
                   9.442                      0.38209307
                   9.456                      0.34064619
                    9.47                      0.30050768
                   9.484                      0.26713808
                   9.498                      0.24789733
                   9.512                      0.24879954
                   9.526                      0.26966291
                    9.54                      0.30428197
                   9.554                       0.3453263
                   9.568                      0.38741247
                   9.582                      0.42738401
                   9.596                      0.46368939
                    9.61                      0.49577155
                   9.624                      0.52363639
                   9.638                      0.54757712
                   9.652                      0.56800851
                   9.666                      0.58537343
                    9.68                      0.60009401
                   9.694                      0.61254948
                   9.708                      0.62306869
                   9.722                      0.63193035
                   9.736                      0.63936675
                    9.75                      0.64556877
                   9.764                      0.65069075
                   9.778                      0.65485483
                   9.792                      0.65815418
                   9.806                      0.66065517
                    9.82                       0.6623982
                   9.834                      0.66339693
                   9.848                      0.66363585
                   9.862                      0.66306544
                   9.876                      0.66159434
                    9.89                      0.65907745
                   9.904                      0.65529841
                   9.918                       0.6499443
                   9.932                      0.64257039
                   9.946                      0.63255237
                    9.96                      0.61902689
                   9.974                      0.60082946
                   9.988                       0.5764627
                  10.002                      0.54418061
                  10.016                      0.50237262
                   10.03                      0.45055336
                  10.044                        0.391262
                  10.058                      0.33263895
                  10.072                      0.28949408
                  10.086                      0.27682091
                    10.1                      0.29541942
                  10.114                      0.33165068
                  10.128                      0.37224258
                  10.142                      0.41032033
                  10.156                      0.44352126
                   10.17                      0.47159533
                  10.184                      0.49507922
                  10.198                      0.51470648
                  10.212                      0.53117824
                  10.226                      0.54509098
                   10.24                      0.55692715
                  10.254                      0.56706787
                  10.268                      0.57581112
                  10.282                       0.5833892
                  10.296                      0.58998345
                   10.31                      0.59573619
                  10.324                      0.60075989
                  10.338                      0.60514431
                  10.352                      0.60896192
                  10.366                      0.61227198
                   10.38                      0.61512366
                  10.394                      0.61755831
                  10.408                      0.61961121
                  10.422                      0.62131286
                  10.436                       0.6226899
                   10.45                      0.62376584
                  10.464                      0.62456158
                  10.478                      0.62509579
                  10.492                      0.62538526
                  10.506                      0.62544507
                   10.52                      0.62528888
                  10.534                      0.62492904
                  10.548                      0.62437674
                  10.562                      0.62364221
                  10.576                       0.6227348
                   10.59                      0.62166314
                  10.604                      0.62043527
                  10.618                      0.61905876
                  10.632                      0.61754083
                  10.646                      0.61588847
                   10.66                      0.61410856
                  10.674                      0.61220797
                  10.688                      0.61019365
                  10.702                      0.60807269
                  10.716                      0.60585243
                   10.73                      0.60354046
                  10.744                      0.60114469
                  10.758                      0.59867331
                  10.772                      0.59613486
                  10.786                      0.59353811
                    10.8                      0.59089212
                  10.814                       0.5882061
                  10.828                      0.58548937
                  10.842                      0.58275129
                  10.856                      0.58000115
                   10.87                       0.5772481
                  10.884                      0.57450105
                  10.898                      0.57176858
                  10.912                      0.56905887
                  10.926                       0.5663796
                   10.94                      0.56373793
                  10.954                      0.56114042
                  10.968                        0.558593
                  10.982                      0.55610096
                  10.996                      0.55366892
                   11.01                      0.55130084
                  11.024                      0.54900005
                  11.038                      0.54676924
                  11.052                      0.54461051
                  11.066                      0.54252541
                   11.08                      0.54051498
                  11.094                      0.53857976
                  11.108                       0.5367199
                  11.122                      0.53493514
                  11.136                      0.53322492
                   11.15                      0.53158838
                  11.164                      0.53002439
                  11.178                      0.52853165
                  11.192                      0.52710868
                  11.206                      0.52575385
                   11.22                      0.52446547
                  11.234                      0.52324171
                  11.248                      0.52208075
                  11.262                       0.5209807
                  11.276                      0.51993967
                   11.29                      0.51895576
                  11.304                      0.51802711
                  11.318                      0.51715185
                  11.332                      0.51632816
                  11.346                      0.51555426
                   11.36                      0.51482842
                  11.374                      0.51414895
                  11.388                       0.5135142
                  11.402                      0.51292258
                  11.416                      0.51237255
                   11.43                      0.51186263
                  11.444                      0.51139138
                  11.458                       0.5109574
                  11.472                      0.51055935
                  11.486                      0.51019593
                    11.5                      0.50986587
                  11.514                      0.50956796
                  11.528                      0.50930099
                  11.542                      0.50906383
                  11.556                      0.50885532
                   11.57                      0.50867438
                  11.584                      0.50851992
                  11.598                      0.50839087
                  11.612                      0.50828619
                  11.626                      0.50820483
                   11.64                      0.50814577
                  11.654                      0.50810798
                  11.668                      0.50809044
                  11.682                       0.5080921
                  11.696                      0.50811196
                   11.71                      0.50814895
                  11.724                      0.50820202
                  11.738                      0.50827011
                  11.752                      0.50835211
                  11.766                      0.50844692
                   11.78                      0.50855339
                  11.794                      0.50867035
                  11.808                       0.5087966
                  11.822                      0.50893088
                  11.836                      0.50907191
                   11.85                      0.50921836
                  11.864                      0.50936885
                  11.878                      0.50952193
                  11.892                      0.50967613
                  11.906                      0.50982987
                   11.92                      0.50998155
                  11.934                      0.51012945
                  11.948                      0.51027182
                  11.962                      0.51040679
                  11.976                      0.51053243
                   11.99                       0.5106467
                  12.004                      0.51074748
                  12.018                      0.51083252
                  12.032                      0.51089948
                  12.046                      0.51094591
                   12.06                      0.51096921
                  12.074                      0.51096667
                  12.088                      0.51093544
                  12.102                      0.51087252
                  12.116                      0.51077476
                   12.13                      0.51063885
                  12.144                      0.51046131
                  12.158                      0.51023849
                  12.172                      0.50996654
                  12.186                      0.50964142
                    12.2                       0.5092589
                  12.214                       0.5088145
                  12.228                      0.50830355
                  12.242                      0.50772114
                  12.256                       0.5070621
                   12.27                      0.50632102
                  12.284                      0.50549222
                  12.298                      0.50456977
                  12.312                      0.50354741
                  12.326                      0.50241864
                   12.34                      0.50117664
                  12.354                      0.49981427
                  12.368                      0.49832411
                  12.382                      0.49669839
                  12.396                      0.49492906
                   12.41                      0.49300773
                  12.424                      0.49092568
                  12.438                       0.4886739
                  12.452                      0.48624308
                  12.466                      0.48362359
                   12.48                      0.48080558
                  12.494                      0.47777889
                  12.508                       0.4745332
                  12.522                      0.47105798
                  12.536                      0.46734257
                   12.55                      0.46337623
                  12.564                      0.45914823
                  12.578                       0.4546479
                  12.592                      0.44986471
                  12.606                      0.44478844
                   12.62                      0.43940923
                  12.634                      0.43371776
                  12.648                      0.42770542
                  12.662                      0.42136444
                  12.676                      0.41468817
                   12.69                      0.40767122
                  12.704                      0.40030975
                  12.718                      0.39260178
                  12.732                      0.38454741
                  12.746                      0.37614922
                   12.76                      0.36741261
                  12.774                      0.35834615
                  12.788                      0.34896209
                  12.802                      0.33927676
                  12.816                      0.32931109
                   12.83                       0.3190912
                  12.844                      0.30864899
                  12.858                       0.2980228
                  12.872                      0.28725822
                  12.886                      0.27640886
                    12.9                      0.26553731
                  12.914                      0.25471611
                  12.928                      0.24402876
                  12.942                      0.23357072
                  12.956                      0.22345023
                   12.97                      0.21378874
                  12.984                      0.20472053
                  12.998                      0.19639118
                  13.012                       0.1889541
                  13.026                      0.18256465
                   13.04                      0.17737155
                  13.054                      0.17350566
                  13.068                      0.17106773
                  13.082                      0.17011712
                  13.096                      0.17066427
                   13.11                      0.17266918
                  13.124                      0.17604632
                  13.138                       0.1806747
                  13.152                      0.18641055
                  13.166                      0.19309976
                   13.18                      0.20058831
                  13.194                      0.20872974
                  13.208                      0.21738967
                  13.222                      0.22644806
                  13.236                      0.23579967
                   13.25                      0.24535356
                  13.264                      0.25503194
                  13.278                      0.26476882
                  13.292                      0.27450851
                  13.306                      0.28420435
                   13.32                      0.29381737
                  13.334                      0.30331521
                  13.348                      0.31267114
                  13.362                      0.32186324
                  13.376                      0.33087365
                   13.39                      0.33968796
                  13.404                      0.34829468
                  13.418                      0.35668481
                  13.432                      0.36485141
                  13.446                      0.37278929
                   13.46                      0.38049474
                  13.474                      0.38796522
                  13.488                       0.3951992
                  13.502                      0.40219594
                  13.516                       0.4089553
                   13.53                       0.4154776
                  13.544                      0.42176347
                  13.558                      0.42781371
                  13.572                      0.43362913
                  13.586                      0.43921045
                    13.6                      0.44455813
                  13.614                      0.44967224
                  13.628                      0.45455229
                  13.642                      0.45919707
                  13.656                      0.46360446
                   13.67                      0.46777122
                  13.684                      0.47169273
                  13.698                      0.47536278
                  13.712                      0.47877318
                  13.726                      0.48191352
                   13.74                       0.4847707
                  13.754                      0.48732856
                  13.768                      0.48956739
                  13.782                      0.49146341
                  13.796                      0.49298828
                   13.81                      0.49410848
                  13.824                      0.49478483
                  13.838                      0.49497196
                  13.852                      0.49461798
                  13.866                      0.49366426
                   13.88                      0.49204561
                  13.894                      0.48969081
                  13.908                      0.48652383
                  13.922                      0.48246577
                  13.936                      0.47743788
                   13.95                      0.47136563
                  13.964                      0.46418407
                  13.978                      0.45584433
                  13.992                      0.44632112
                  14.006                      0.43562053
                   14.02                      0.42378758
                  14.034                      0.41091237
                  14.048                      0.39713375
                  14.062                      0.38263959
                  14.076                      0.36766274
                   14.09                      0.35247279
                  14.104                      0.33736377
                  14.118                      0.32263893
                  14.132                      0.30859398
                  14.146                      0.29550026
                   14.16                      0.28358946
                  14.174                      0.27304127
                  14.188                       0.2639751
                  14.202                      0.25644682
                  14.216                      0.25045069
                   14.23                      0.24592634
                  14.244                       0.2427695
                  14.258                      0.24084501
                  14.272                      0.24000009
                  14.286                      0.24007633
                    14.3                      0.24091931
                  14.314                      0.24238534
                  14.328                      0.24434563
                  14.342                      0.24668808
                  14.356                      0.24931752
                   14.37                      0.25215479
                  14.384                      0.25513522
                  14.398                      0.25820685
                  14.412                      0.26132854
                  14.426                      0.26446823
                   14.44                      0.26760137
                  14.454                      0.27070951
                  14.468                      0.27377908
                  14.482                      0.27680046
                  14.496                      0.27976708
                   14.51                       0.2826748
                  14.524                      0.28552127
                  14.538                      0.28830555
                  14.552                       0.2910277
                  14.566                      0.29368846
                   14.58                      0.29628906
                  14.594                      0.29883094
                  14.608                      0.30131566
                  14.622                       0.3037447
                  14.636                      0.30611938
                   14.65                      0.30844074
                  14.664                      0.31070949
                  14.678                      0.31292586
                  14.692                      0.31508963
                  14.706                      0.31719997
                   14.72                      0.31925546
                  14.734                        0.321254
                  14.748                      0.32319273
                  14.762                      0.32506807
                  14.776                      0.32687557
                   14.79                      0.32860995
                  14.804                      0.33026504
                  14.818                      0.33183372
                  14.832                      0.33330796
                  14.846                      0.33467875
                   14.86                      0.33593617
                  14.874                      0.33706935
                  14.888                      0.33806654
                  14.902                      0.33891516
                  14.916                       0.3396019
                   14.93                      0.34011282
                  14.944                      0.34043351
                  14.958                      0.34054925
                  14.972                      0.34044523
                  14.986                      0.34010678
                      15                      0.33951967

